getgenv().mods = {
151239872,
167825083,
17126105,
10717875,
40118429,
633527,
10190020,
9144458,
8132835,
1185647,
48707829,
14539037,
3254,
202693941,
29272034,
15285997,
29407034,
56537645,
276698027,
28163453,
51453069,
5840316,
341792,
75759386,
59158571,
191756506,
15695298,
13255300,
64452544,
445371567,
29258889,
20010882,
70951738,
61184052,
83785067,
7625833,
20469570,
1944008815,
44121665,
99413233,
83338597,
77196836,
296804235,
5861972,
28023203,
1147104,
17776553,
4201944,
64992045,
32915494,
39920871,
13272440,
477941880,
1063001671,
14802860,
1099784,
27504654,
23977275,
80804680,
14599405,
1514197298,
34881371,
466275246,
164337638,
16714898,
509216030,
16715639,
1106896270,
35250698,
66934974,
115806171,
66219199,
25843220,
55100817,
699294409,
17187421,
54961867,
87459732,
125057856,
15011563,
5115485,
47424131,
53008178,
578046875,
99196411,
59291710,
132122965,
8194465,
109163926,
88297850,
341399806,
14933249,
64130481,
28316941,
22680319,
25067308,
7584904,
24882513,
16304417,
94867018,
59815962,
139151151,
168151412,
708648
};
